84.96817272342442 %

original predicted

[34.47] [32.88154706]
[24.01] [32.95980977]
[32.86] [38.67087286]
[37.67] [47.86375316]
[27.09] [29.21268577]
[40.] [41.30783286]
[24.14] [27.15030813]
[45.27] [45.79311657]
[35.59] [33.16958613]
[35.2] [30.40370637]
[37.99] [39.27740254]
[35.82] [36.15377469]
[52.06] [53.30076743]
[28.62] [30.82537205]
[41.93] [46.49323951]
[39.55] [35.45755604]
[45.97] [37.64165939]
[48.89] [42.19481031]
[28.36] [31.11957833]
[35.14] [32.65439429]
[32.75] [29.81879605]
[46.77] [46.41213707]
[40.07] [32.43805833]
[37.47] [40.19911104]
[40.99] [44.12169236]
[20.43] [26.67270489]
[25.49] [27.15030813]
[24.32] [24.71806939]
[51.06] [46.49323951]
[52.89] [50.86577955]
[34.11] [39.62563424]
[26.25] [32.16514219]
[38.64] [36.26818824]
[42.88] [39.20887858]
[44.27] [41.18797104]
[46.82] [40.34893831]
[41.09] [37.62603966]
[27.05] [26.57256227]
[58.46] [52.83853975]
[47.73] [44.80059381]
[45.75] [43.17515381]
[12.97] [26.11986277]
[35.38] [43.52527649]
[38.69] [36.87294559]
[43.5] [42.59538077]
[57.41] [53.94630987]
[31.43] [31.43864711]
[40.57] [44.26442437]
[61.38] [60.1845325]
[20.5] [26.36926523]
[41.93] [40.39224323]
[50.66] [45.02292167]
[41.] [39.30901043]
[40.91] [48.6424541]
[50.06] [47.7401121]
[44.66] [40.21769297]
[40.06] [36.87294559]
[49.52] [43.84205415]
[45.37] [47.7401121]
[38.92] [37.62603966]
[39.05] [40.31122898]
[22.28] [25.98731322]
[46.] [47.71378113]
[24.27] [26.47867857]
[31.78] [29.04667395]
[46.68] [43.79136973]
[42.18] [39.42064679]
[28.32] [28.55753197]
[25.88] [29.48146682]
[30.44] [32.2317845]
[46.49] [51.86174179]
[38.66] [44.85574267]
[99.94] [91.0894424]
[40.01] [41.71100443]
[30.04] [35.82257756]
[27.33] [27.61752869]
[43.8] [41.80404402]
[25.71] [30.06590933]
[35.29] [34.7890829]
[47.53] [43.96229093]
[30.69] [31.43864711]
[42.54] [44.55591931]
[43.11] [40.28439734]
[38.98] [38.53602832]
[30.08] [28.89014852]
[42.13] [40.6845514]
[53.2] [53.1341989]
[46.07] [49.35885897]
[41.78] [47.27477209]
[34.03] [32.99943646]
[29.39] [29.84688824]
[29.43] [32.65439429]
[41.44] [46.37627545]
[42.22] [47.34682828]
[19.04] [25.78572743]
[44.08] [41.59395462]
[47.64] [39.27740254]
[50.74] [53.9376205]
[37.43] [39.8664945]
[30.59] [31.78586903]
[36.98] [38.55514421]
[37.11] [40.07280096]
[23.24] [27.70751191]
[33.96] [34.31435679]
[37.69] [32.43805833]
[52.31] [47.01426123]
[43.54] [41.16815137]
[42.69] [43.55772689]
[34.88] [38.12025764]
[37.65] [41.30783286]
[36.4] [30.06590933]
[50.24] [48.13073634]
[30.79] [35.71601848]
